,DH_1,DH_2,DH_3,DH_4,DH_5,DH_6,DH_7,DH_8,DH_9,DH_10,DH_11,DH_12,DH_13,DH_14,DH_15,DH_16,DH_17,DH_18,DH_19,DH_20,DH_21,DH_22,DH_23,DH_24,DH_25,DH_26,DH_27,DH_28,DH_29,DH_30,DH_31,DH_32,DH_33,DH_34,DH_35,DH_36,DH_37,DH_38,DH_39,DH_40,DH_41,DH_42,DH_43,DH_44,DH_45,DH_46,DH_47,DH_48,DH_49,DH_50,DH_51,DH_52,DH_53,DH_54,DH_55,DH_56,DH_57,DH_58,DH_59,DH_60,DH_61,DH_62,DH_63,DH_64,DH_65,DH_66,DH_67,DH_68,DH_69,DH_70,DH_71,DH_72,DH_73,DH_74,DH_75,DH_76,DH_77,DH_78,DH_79,DH_80,DH_81,DH_82,DH_83,DH_84,DH_85,DH_86,DH_87,DH_88,DH_89,DH_90,DH_91,DH_92,DH_93,DH_94,DH_95,DH_96,DH_97,DH_98,DH_99,DH_100
DH_1,0.990408014357939,0.414475182058036,0.199612317245244,-0.0742337085048601,0.145520605734469,0.0275224053780642,0.0727200204686206,-0.106235150156098,0.0809408737138298,0.0198491789093667,0.196796764192607,0.0272438481681115,-0.133389924057612,-0.128044965277002,0.0783515060796285,-0.0647100120692323,-0.0133757892335426,-0.0976203699573054,-0.086014705056015,0.165470083739317,0.121914589966831,0.225769750073517,0.150039001022878,-0.0863794100679525,0.0903746272901133,-0.0188471234241162,0.0741329203223679,0.00684693290095768,0.0964133225554534,0.0961837215853987,-0.0947000733216345,0.0138856257796815,0.118089551657415,0.189202854422658,0.475196479264529,0.103787878010212,-0.0847934555987557,0.040614594245815,0.271864896228839,-0.0392364485765589,0.152070495225701,0.193886334706063,0.140714545098453,0.161517151996997,0.295396908378031,0.151914518368355,0.00912320830326369,0.0419561470212687,0.0407591859310924,-0.138354618091119,0.0502077402310671,0.0623204247951563,-0.101964572113058,0.138507339740034,0.212932589060111,-0.0623825033926167,-0.11572469107552,0.142443573229983,0.203431283462885,0.185441952582566,0.0573876092434445,0.223299926746043,0.145596127375857,0.260047846632801,-0.0649878102677134,0.00371335404186152,-0.00519250705615892,-0.0938492214623536,0.0776380352966441,0.221122322835,0.0540859093434642,0.125799590182472,0.071627043950006,0.0972645539204692,0.108377240871182,0.0600414928527018,0.263075163885919,0.0512293696713778,0.124135837037468,0.0892080266587879,0.1185058694494,0.13565080006795,-0.0999421860478886,-0.079396125026631,0.135727839732278,-0.00382021431612257,-0.0695988049556162,-0.0999994914139665,-0.0263510903347223,-0.0430869137702599,0.0612824766082118,0.168797590029318,-0.0989330802968484,0.163358513826276,0.0634498338643924,0.0521208286443743,0.0341451599705386,-0.0187693247483122,0.153419638115865,0.0736843445428545
DH_2,0.414475182058036,0.945883262936649,0.26377421345095,-0.0808557040858631,0.293693686636524,0.137622332364542,0.0932675995128146,-0.0762139694333771,-0.107109531370988,0.0718562654143248,0.229141658534594,0.157720956123494,-0.122315946691938,-0.15325666981209,-0.0194315622569885,-0.0420174666072545,0.139087224504073,-0.0722466164731025,-0.221513432905238,-0.0075655564210531,-0.0178740707179619,0.1299529009532,0.123933560480378,-0.0261499522948392,0.137913033758034,-0.0483487607947631,0.0179979499309633,-0.024442176484505,0.28015709655235,0.0679333146251209,-0.0484128972640857,0.0481967393379638,0.0217364609326536,0.0951734773171504,0.268556365225621,0.107890714518103,-0.0290326778626818,0.0441811891492628,0.0766646030847534,-0.0308436792331075,0.186560355985465,0.0617838036849783,0.129981363883374,0.0894736806737286,0.166154332580654,0.205172835283687,0.140851546669014,0.00780708241210053,0.194473430079083,-0.062931648192072,0.0187398836441216,0.0859067062645438,9.17308067473116e-05,0.122769236883466,0.234373904111718,-0.104932686471419,-0.0485240924446245,0.0628927194444913,0.118518013632942,0.175602507374893,0.0554130409009622,0.151971444228702,0.19670947787341,0.436999226973392,-0.0605274793568574,-0.00666233277025372,0.0564669283288055,-0.11334101555003,0.0728035117304567,0.141392721848026,0.0451402001432011,0.118283858594061,-0.0549343238251464,0.0722315965868619,0.000226834848632499,0.0877389599561656,-0.0166725555589584,0.188498871283065,0.146649635297966,0.048266568393316,0.0752406975646698,0.174430593663267,-0.0920856583088822,0.00210424972279258,0.126424636129051,0.198334521433381,-0.00507941434694161,0.0172503236317747,-0.00937845532015535,0.0439546242250934,0.097917303785754,0.094609152288271,-0.025476329614096,0.0814839464215167,0.217700319616824,-0.035831143610754,-0.0477294074342174,0.158718297196728,0.0561728113836912,0.211490087758983
DH_3,0.199612317245244,0.26377421345095,0.953730682538003,-0.0842606295459328,0.383237305946883,0.229489665294164,0.0912926516646011,-0.0583479779171355,0.00299001610975162,0.0214408259645972,0.14601548121373,0.150919833835272,-0.0561882107756663,-0.168637657771425,0.165205568241582,0.00605680195937467,0.0770532169580387,0.0240893964935578,-0.138404712848222,-0.0401062757226216,0.0577272668768319,0.0836486471375474,0.121779865430677,0.0630361726125544,0.159175222102426,-0.0844644241259654,0.0826957082353821,-0.0725339023149732,0.00309020562395928,0.204666195126622,-0.083098582983436,0.161692483646858,0.0828592752074429,0.0660289548437332,0.100704014402486,0.0539003310387415,0.00492056178690048,-0.054317247499014,-0.00056291658721243,0.0615598953009547,0.22516102287357,0.0775048287834389,0.156248473869249,0.178123563976683,0.151130839024281,0.102563213001332,0.0393144075955498,0.0269243043387118,0.0773852844767145,-0.111023374022539,0.0741427874714948,0.279302449635711,0.0594270730667162,0.0728900390381803,0.0591929180278333,-0.113163786371489,-0.0406679442113541,0.0526954003281199,0.206274160928486,0.0855051891962478,-0.0318243220539753,0.0815363182130329,0.081408804285861,0.216773946116157,0.00846021178311818,-0.0268694951695929,0.137788176371011,-0.0204011994115218,0.18254556480824,0.129229183515355,0.370451378207781,0.0596460478761762,-0.0156186681311165,0.0573868502319711,0.0198802983796881,-0.0272042192284178,0.0667936589010252,-0.00402059334453482,0.147892137076417,0.124940389197005,0.210543600454321,0.0789708594401757,-0.198270224620864,-0.118737587110686,0.132493312347505,0.183311027877003,-0.0213541383136867,-0.0801756298076146,0.0272559923516521,0.033042316302798,0.135802981867934,0.0518798425022491,-0.050330919251958,0.11865463569777,0.108655798081134,0.03619524995441,0.0394904982568829,0.0280453642817617,0.0382893626036146,0.218988741589287
DH_4,-0.0742337085048601,-0.0808557040858631,-0.0842606295459328,1.08903168789897,-0.162840707659682,0.0902402822596993,-0.0922860373372927,0.274116503758332,-0.0213249163720426,0.0180393160561486,-0.000920031484440301,-0.129361091168166,0.196197524636048,0.271432639195957,-0.0410740153484779,-0.0245142825742765,0.0607819085429188,0.0147892289362161,0.00762643768194081,-0.0980256820829564,-0.125493927722099,0.0285891960009171,-0.0941520670393844,-0.0424299893418822,-0.106090937976559,-0.0733874107144075,-0.14699975874876,-0.0720029737908301,-0.0276596261111739,0.025019944557322,0.191094311009033,-0.00955264845280917,-0.0785547608107396,-0.0414034263270033,-0.0632124824364372,-0.00169536170233208,0.0133163671762363,-0.108840457031197,-0.0642022333949601,-0.0657134252342365,-0.0930143088439673,-0.149688177379965,0.0527485311311039,-0.133080626883072,-0.0467476260961421,-0.028463798764973,-0.0834902329026036,-0.0712132223549851,-0.0770576106836805,0.188551622580314,-0.0234584976177534,0.011533828735984,0.025281044503434,-0.0924564354125918,0.0236169118526959,-0.105482969788083,0.263018238025573,0.0600187225085618,-0.0597069879564262,-0.0172797647359668,-0.0554242657298456,-0.058070559224391,-0.0621305115841596,-0.12231480817473,0.172723576864405,0.127205279427242,-0.16429990721318,0.143862165669765,-0.0271302156099709,-0.0530982750761701,0.0456624000354284,-0.0981930441123698,-0.106606306765545,-0.0759638751535957,-0.0582375417480674,-0.0658189278287425,-0.0867555002519624,-0.0614037581004261,0.0522570712034684,0.029305323324052,-0.0699160717506011,0.0744968663228402,-0.0822686039396143,0.234640317138128,0.00718621102860991,-0.105013521193107,0.0453132547586475,0.179896235267807,0.0358305449424683,-0.0205871572219789,-0.0474182127309999,-0.10756797429963,0.219214547501991,-0.104963426436007,-0.046144591482226,0.00490917661482924,0.104191672112926,-0.0942230346119496,0.0171918797484843,-0.0548572841608142
DH_5,0.145520605734469,0.293693686636524,0.383237305946883,-0.162840707659682,0.961017951673577,0.178436656208574,0.150884160296123,-0.00304640212117263,-0.00105247898617517,0.0515390463516534,0.0847738816436897,0.201395235191231,-0.0954439045634698,-0.131389549325107,0.184757703741226,-0.107200233241804,0.0712232498472951,-0.0562781536350108,-0.122963762982655,0.0656020108911498,0.00256307215716914,0.0894372481231104,0.0687606371287944,0.032181597294389,0.0820251216005219,-0.0550811925448347,0.154442026567652,0.094305927205502,0.0739427879488179,0.192758823165504,-0.0900010333030697,0.0688126294145754,0.0695219256344665,0.145818897242677,0.0746756135243181,0.142627633511763,0.0450286254569269,0.0401299654214183,0.100140448385075,0.0337440224079784,0.18930152591392,0.0897283290223362,0.0333390897880603,0.119205678025906,0.184267761836527,0.0314905173498082,0.150563857455252,0.00357711148277223,0.0821014022533853,-0.0614417086739893,0.0613416795029697,0.124576063690799,-0.0107518865773992,0.0904759553215279,0.0245846514785541,-0.0242577366969893,-0.15249500180068,0.0638464173581265,0.0965920697569358,0.0399933433565917,0.0345595802338462,0.164364963037161,0.143860268141088,0.216842636654304,-0.051172662973585,-0.0959759716048211,0.131600714857305,-0.0893289286452656,0.069646024010017,-0.0626766203377279,0.249865707745855,0.094212948300271,0.0834759720278351,0.0365421181967758,0.0753606213771277,0.0704604433186801,0.171071967902947,0.183911405950773,0.1583281653005,-0.00637011335381838,0.0811993171197934,0.0595561050168312,-0.0848758083433899,-0.110089030901415,0.106464911469341,0.0521792725276626,-0.0382664319162888,-0.151605819862099,0.0196385532260921,-0.0258755696479792,0.0389906892030582,0.0483735890107669,-0.0785042865479046,0.183429813172256,0.129816658394111,-0.0665157003593581,0.00684845092389934,0.0429500725428822,-0.00472002241529988,0.153635956385173
DH_6,0.0275224053780642,0.137622332364542,0.229489665294164,0.0902402822596993,0.178436656208574,0.974552644229063,0.103133610121985,0.0178419730736201,0.0241258290441779,0.11300303628277,0.163933844521486,0.0542612409933255,-0.0230763353419739,-0.0895877515569669,0.0621120761462964,-0.108834005433692,0.0193615140390812,-0.0445058857157769,-0.129244962413064,-0.0245116260341251,0.000929299965283459,-0.0879050231251838,-0.0184930445727761,0.041272657191399,0.185315956678339,-0.107657917158974,0.0848843178127578,0.0831985533350921,0.0959036463525025,0.357538695552982,-0.0542766403853004,0.0995321006908568,0.189972492054514,0.0428354618107236,0.0242438553279554,0.208917797882885,0.26110894466962,-0.0403313226238507,0.0652596967176099,0.125416289389486,0.0898930345115992,0.211251378651271,0.223679811987406,-0.000222499942353346,0.20962481706836,0.091345782467591,0.0252370218381016,0.0990030696953885,0.0418582345414743,0.0279068446882571,0.0194897869777258,0.213924617053049,-0.101938006711562,0.0502327876096167,-0.0413981132467056,-0.0602109715733412,-0.153771279589604,0.0800873653143972,0.223120041027356,0.0598092353424972,-0.0491191574380915,0.221360272931237,0.163139918522547,0.112071729207535,-0.0390429006513872,0.14209025339011,0.198784615235836,-0.0550345133393523,0.189024107221177,0.0177345729504364,0.278082718201397,0.0586172078268829,0.0673636765159411,0.0157823954463582,0.194738704588289,0.0432658213149265,0.0418126938531998,0.0010279714565462,0.0776881300537476,0.0552726237787789,0.00252550108934181,0.309240898108069,-0.110104211130844,-0.0993892461910762,0.0692604461826191,0.165301203686957,-0.145182305780834,0.0151402717416737,0.203008134567661,0.0443470331557359,0.190900763083862,0.00580670767959553,-0.0679832490390401,0.257227360005601,0.0670513432955181,0.0126442625184364,0.272084250544036,0.202367528885915,0.0513815514713667,0.157722094640698
DH_7,0.0727200204686206,0.0932675995128146,0.0912926516646011,-0.0922860373372927,0.150884160296123,0.103133610121985,0.980936689713835,-0.0942579491396239,0.00854939563099209,-0.0289476685779016,0.0990231834993792,-0.0102919256258158,-0.0420489655833096,-0.0949755944857013,0.0914011903049919,0.0284184184198833,0.138381723341541,-0.128542497296413,-0.0876222913521408,0.0292658547275466,-0.0341305784093973,0.108155230015836,0.14646519551045,0.124364678996056,0.103424311515475,-0.0753301005750926,-0.017920749923444,0.180947845661239,-0.0306747991807518,0.0632953750299912,-0.0737855122310813,0.129536203655479,0.00923364447233242,0.170435536784294,0.0151023211681106,0.0092317469436549,0.0857325131318898,0.0361470527259842,0.0863264396081496,0.0260074184814307,0.216778120679246,0.0235413902113087,-0.0264129497696305,0.0512312672000586,0.0188761262032118,0.14923444886334,0.00519190838787644,0.0271212678155035,0.0809784447816563,-0.0107279777160536,0.0575375140090177,-0.0754925290299427,-0.0195609737128358,0.0564635127771838,0.0811970400853789,-0.00285854678203576,-0.105356214872382,0.163536881522019,0.0304051309459051,0.157022286064195,0.0168131330243285,0.110154086725398,0.1296887649612,0.145472029000306,-0.0539043452586475,0.0700297043087402,0.121182902908532,-0.163201997120002,0.252275189661368,0.0450574678928345,0.0235212764073201,-0.0633138104678525,0.223205809323604,-0.0010452683771981,0.195964508114369,0.0891784252114073,-0.020953000751125,0.204416859858315,-0.113596802415845,0.0364787407389244,0.0310996264421101,0.0970425430651272,-0.0264759477217448,-0.0829699305390557,-0.0619654265891597,0.0540950174811208,-0.184532116991071,-0.0615677045782182,0.0324578774699286,0.107955609998895,0.0139156067327965,0.0493955979568173,-0.126459010807806,0.0225068575759817,0.0495086906660357,0.19315350913056,0.00393802143735571,0.107606085216383,0.0815644016374684,0.129812104325282
DH_8,-0.106235150156098,-0.0762139694333771,-0.0583479779171355,0.274116503758332,-0.00304640212117263,0.0178419730736201,-0.0942579491396239,1.08347913948098,-0.0990856416025715,-0.0581126843610445,-0.0250565962704898,-0.0491092902889652,0.161514874962581,0.329877281494402,-0.0927376491626923,-0.134092009668527,-0.0999175181750715,0.0594703367205786,-0.0701342875485875,0.0113619126377439,-0.117634743442943,-0.0243256682236675,-0.159042993763236,-0.0595954132701499,-0.0667722462366454,0.00471942374701684,-0.0252786071258331,-0.0784435656302004,0.00111298074132769,-0.0752629280598874,0.292795776066023,-0.0814147160344462,-0.0769517285834398,-0.0414091189130382,-0.0919964744610079,0.0408407796642529,-0.103589995178761,-0.0788166197683241,0.0026435273731224,-0.0848450683788011,-0.0792564669159191,-0.115195660080051,-0.0979410523039132,-0.0662348661149945,-0.00617770394585396,-0.04670170590213,-0.0532876484382487,-0.118586923333638,-0.0901118489778718,0.605741898252323,-0.036870230314907,-0.0122452416471024,-0.116828673260466,-0.128390315496426,-0.169793252736417,-0.0858264702111401,0.0683568430260851,0.0251573256336196,-0.0425529492002271,-0.199428855631742,-0.0738409200684841,-0.0037371025600193,-0.0222755782397953,-0.0565415306155385,0.223482089499142,-0.0824708804967027,-0.0602747285369284,0.425740809820204,-0.07807886061826,-0.0761623566533304,-0.0261996675462067,-0.058338110768009,-0.060852715772292,-0.0525536843455409,-0.0443009526185369,-0.0606409515718113,-0.0599491126157572,-0.076781710013878,0.00273840380703011,-0.030223187355353,-0.0758204219855277,0.0557227175812351,-0.0227514784322747,0.334375562978821,0.00825300165146527,-0.0758834199376421,0.0406601349340936,0.26729792420627,0.0567382749297794,-0.0987053768554703,-0.00917200419997248,-0.114902302146411,0.248880890361896,-0.0845919380531368,-0.163587195441665,-0.0733877902201414,-0.00681603259318316,-0.0456094883949893,-0.0746898743990869,-0.0307321045468319
DH_9,0.0809408737138298,-0.107109531370988,0.00299001610975162,-0.0213249163720426,-0.00105247898617517,0.0241258290441779,0.00854939563099209,-0.0990856416025715,0.883873923263439,0.0557769869014312,0.00750309831786025,0.0733602466446257,-0.010769723346974,-0.0799623475841905,-0.0344383575609927,-0.0176998775853082,0.0683113023378089,-0.0615138147637583,-0.0209511032224473,0.209977757402494,0.189659399822617,0.092960199866958,0.0349254237629913,0.0939761367212389,0.0919829725977129,0.0320954494924022,0.12078556040333,0.19149241252571,-0.00279175377256563,-0.0541430543663576,-0.0543035852925292,-0.0533237014831332,0.258226978113252,0.0444172417168249,0.134325186533395,0.179397564731193,0.0984220464141412,0.124804146637912,0.152818880536362,0.00116003945254613,0.0353481931524836,0.156706537292153,0.0388282607482062,0.1456082715594,0.107890714518104,0.107763580096667,0.00465414876048935,0.135083059487444,-0.0470060695021055,-0.118156563829435,0.0430574726660665,-0.0436770451891616,-0.0288573462128217,0.162995326837275,0.0895966405320742,-0.0384307578998169,-0.0624584045397416,0.0729105323479055,0.0141376175881405,0.258012936878353,0.0432662008206616,0.0234601759838828,0.000274273065587216,-0.0364941401308974,0.0172355229080829,0.1107825482236,0.0972292598870576,-0.00876593306284895,0.0992660671701837,0.148014337923291,-0.0277806884408395,0.0407155427714952,0.000842772657559967,0.0886843087436178,-0.00798756679907298,0.0836357439425371,0.251277469082397,0.0855484528501093,-0.0052775163409408,0.0125250977174494,0.105099449832546,0.0582528823206786,-0.000916615932819224,-0.143388002662775,-0.000477907302432161,-0.0458261861700327,-0.0227674176731712,-0.0869513252115482,0.0605196700795949,-0.0706143623041583,-0.0218353515864647,0.0052435211679215,-0.0874936389077609,0.0096355410463646,0.170519028046135,0.139706577864623,0.00590272263071035,0.0557678787637757,-0.039091477385547,0.0931674099986122
DH_10,0.0198491789093667,0.0718562654143248,0.0214408259645972,0.0180393160561486,0.0515390463516534,0.11300303628277,-0.0289476685779016,-0.0581126843610445,0.0557769869014312,0.974935945022058,0.159835562082421,0.0185247038920193,-0.085267458262559,-0.0927922979886234,0.188320503587318,-0.136348171266846,0.226721170952743,-0.0836386196452355,-0.067206780303941,-0.0253924588465239,0.158954729270025,0.0164962457350781,0.103425450032685,0.129229183515354,-0.00843310653270173,-0.13570832459657,0.129762768579649,0.136299375370135,0.247851670806871,0.151813569842685,-0.16794695733258,0.0244711792636001,0.0216055314538613,0.056433152318335,0.127393893777852,0.0875613512718899,0.117409097873434,0.0369003716112099,-0.012124938328907,0.147593845568217,0.00231980898063088,0.139765401253641,0.0919560276904825,-0.0259491937606907,-0.0445408002434564,0.187524680059699,0.1292807962954,-0.0547066203837683,0.105683888665418,-0.0925558659153295,-0.0255416046006271,-0.00109536313430257,-0.034001166953546,0.141585510761723,0.134323289004713,-0.128658246545777,-0.041862628267116,0.0191474728041874,0.0490331699792885,0.241071800839844,0.0835241692562622,0.0581769811735513,0.196936042797584,0.0341508525565715,-0.120359974130501,0.259182573555565,0.0743894661996547,-0.0680701558524983,0.15114260370209,0.000587744803216282,0.130986674577059,0.173564561574565,0.0318058866161152,0.102845185762907,0.0235117887639294,0.136763510884813,-0.00536366414292844,0.0943469138249499,0.197997899845876,0.105155996187158,0.0738585376755066,0.130149105418524,-0.114023746368423,-0.162652852320547,0.153820775678426,0.0673606404700552,-0.134265823295446,-0.151796711247119,0.201054818546371,0.242769329995319,0.0236062856921014,0.240872180822906,-0.106222246961086,-0.0591422834218096,0.0720691681320141,0.141355150780201,0.197738317922702,0.221506382639458,0.29484814308431,0.0317182207911866
DH_11,0.196796764192607,0.229141658534594,0.14601548121373,-0.000920031484440301,0.0847738816436897,0.163933844521486,0.0990231834993792,-0.0250565962704898,0.00750309831786025,0.159835562082421,0.92772239546383,0.0692767649292502,-0.0266505203601341,-0.0752872164269685,-0.0757012571845396,-0.0602140076192283,0.0940786032698609,-0.0707809653221004,-0.076513778964524,0.00676989323662388,0.0479405729664139,0.226154568889448,0.126471694840271,-0.0759847479690534,0.0861120188675201,-0.0761976506867428,0.146016619730934,0.00901922373170209,0.0183281199209623,0.101215967639846,-0.0619620110375398,0.218399748687594,0.133489135397797,-0.00649800678672541,0.187262062090645,0.152076946823205,-0.0634952142094812,0.0567291667921254,0.0336222010668402,0.00261772098310019,-0.0262918874399656,0.211788379267187,-0.0115507461509004,0.192110247863312,-0.0107697233469738,0.163917905280588,0.0588422547281121,0.213402037655083,0.142672415188567,-0.131892394424815,-0.0210850687471249,0.10006340872074,-0.03758825516672,0.0986740382226046,0.160408236237487,-0.0814811295381797,-0.0381210812195434,0.0538122857080763,0.150191941834335,0.26644175926669,0.0154093413082341,0.0399326224388913,0.162783183131053,0.175885239147936,-0.0873038860399472,0.187492801577909,0.128180229662074,-0.0603961703723289,0.308785491225308,0.107287679904188,0.156714127406869,-0.0278956786787351,0.0734418403777862,0.0660111180741568,0.242286219193864,0.0732961101753058,-0.00769952194572917,0.039816873189524,0.040509471157048,0.022383897717637,-0.00980729680141671,0.25311503585432,-0.0847213495089871,-0.0246721569602972,-0.0437070261422776,-0.0336436725505843,-0.00289877439001355,-0.0803099748380274,0.19854021354209,-0.0128513123069046,0.0380726648285701,0.0603253631429518,-0.0290156001045794,0.0400502692169351,0.0686608271203236,0.062515490743272,0.192721252097679,0.245267616252966,0.131461056746595,0.199370951597384
DH_12,0.0272438481681115,0.157720956123494,0.150919833835272,-0.129361091168166,0.201395235191231,0.0542612409933255,-0.0102919256258158,-0.0491092902889652,0.0733602466446257,0.0185247038920193,0.0692767649292502,0.97685548503287,-0.0406933710956413,-0.0505419244409684,0.114742690574899,0.051223677085343,0.0963017478691775,0.0170620887869022,-0.142393318129688,0.186667756108647,0.0744733369672285,0.0628578049168093,-0.0228827874168029,0.138590071990397,-0.0156957077954473,-0.0117704799718292,0.00577824474942383,0.0811325241103233,0.0142951124684257,0.139367299736968,-0.157334838447169,0.0116674147549259,0.0618896857852178,-0.0571840338259588,0.0622171992350687,0.0450855513172699,0.0885180852314127,-0.0229139068871243,0.210481361513677,-0.0566481717272525,0.0867545220779419,0.0422354632426916,0.0391128900499311,0.0783264587010756,-0.00783158994172818,0.147372593724339,0.07214772581929,0.0100659005505689,-0.00560958385961777,-0.0815862526269498,-0.0462102459744901,0.0525948313081753,0.0627671030459913,0.228522684679777,0.111509681213069,-0.0542333767314382,-0.0553813815817183,0.113592029184468,0.0237171013669026,0.169996448648169,-0.0531514058791579,-0.0752811443351982,0.164291338924449,0.108933216773879,-0.0664910324865424,-0.0932408737681368,-0.0331503150942646,-0.0174186638352062,0.14280751923045,0.213184201362832,0.161439732826927,0.125547598374013,0.0983658795652692,0.0124651358112195,0.0548585830212049,-0.0338740325321112,0.119467916489223,0.151969546700025,0.0475587901963686,0.0414092792562264,0.211738664015818,-0.0447783708339591,-0.0476425006207572,-0.0944841345580601,-0.0148505485221997,0.138746807859214,-0.0416087389299792,-0.0913141231483464,0.0263060894953714,0.0363823462820752,0.246570079937648,0.0250115954311379,-0.0716580030771407,0.172937618099303,0.0337045538114725,0.0663473601559251,-0.00936365459646556,-0.173995140241311,0.101152210676261,0.0110495794173208
DH_13,-0.133389924057612,-0.122315946691938,-0.0561882107756663,0.196197524636048,-0.0954439045634698,-0.0230763353419739,-0.0420489655833096,0.161514874962581,-0.010769723346974,-0.085267458262559,-0.0266505203601341,-0.0406933710956413,1.03882194055795,0.148106178311313,-0.133655957578289,0.0904292761160439,-0.0300125616720784,0.00121354976126985,-0.0114904047389347,-0.0617308920445409,-0.11475998749555,-0.101708405741509,-0.0735870307313467,-0.0492132748605287,-0.056926349431466,-0.00652684922263353,-0.182918838108906,-0.0719938656531734,-0.0371241196520449,0.0207391198594166,0.358589546934941,-0.0758587520648258,0.00653801523215456,-0.167947336838316,-0.0630246270973002,-0.108219585647707,0.0247652962087136,-0.0880966735216768,-0.139088202678089,0.00221961946642442,-0.0799566549981556,0.0506965436185566,-0.131530725458761,-0.0590701773320388,-0.108585049671118,-0.0754652046169793,-0.0135909689856449,-0.0603005349269498,-0.089203312246774,0.204826726052796,-0.0302417831363992,-0.0377912907352801,0.0957165500248353,0.0282070337251395,-0.102748251457133,-0.0445210659452015,0.287515712766208,-0.101559639493141,-0.0895486624661966,-0.0826921323405747,-0.0720386473299769,-0.175319615258659,-0.0533627905739046,-0.0808363492933453,0.335035143947344,-0.0686925452589314,-0.0259404651287712,0.21143771596746,-0.0530394516871464,-0.11082451301707,-0.0933938145795968,-0.133754629069552,-0.114104581090117,-0.0761335142174218,-0.0256964429407624,-0.090298186294066,-0.0652967279365175,-0.041196216195353,-0.121297353297507,-0.021092279356103,-0.0892116613729603,-0.0473996169499538,-0.0379301898345206,0.13884092528165,-0.0621585950085926,-0.0747961360050625,0.207982316244554,0.262486550489959,-0.145231262020729,-0.0398827468443356,-0.0418679413474151,-0.102911438923454,0.219044908438162,0.0226711835595089,-0.121924296772767,-0.100363816920175,-0.0566717010828584,-0.118523545875787,-0.0995209346813376,0.0257668118450412
DH_14,-0.128044965277002,-0.15325666981209,-0.168637657771425,0.271432639195957,-0.131389549325107,-0.0895877515569669,-0.0949755944857013,0.329877281494402,-0.0799623475841905,-0.0927922979886234,-0.0752872164269685,-0.0505419244409684,0.148106178311313,1.11278836744366,-0.107576323425814,-0.0558033919597402,-0.130485946168572,0.0921784180515606,0.00940556057057265,-0.00401300322982209,-0.105125095879382,0.00176876665249596,-0.109175181090022,-0.0619217834295634,-0.0707073412093886,-0.0147666777546262,-0.125200949294193,-0.044663001090328,-0.118471553590006,-0.147300706797118,0.124592002931694,0.0537155117454899,-0.139694652843627,-0.0605377260117218,-0.111125081559688,-0.110560756530806,-0.0692731890344443,-0.0781042875025489,-0.0740416786026314,-0.0812727808893207,-0.106428698081269,-0.105188473337232,-0.147277936452977,-0.167408438693721,-0.0304899798875002,-0.014708613377074,0.016242356397942,-0.0299309679389174,-0.128723901038045,0.270051997329735,0.0278336000812802,-0.0742731771013654,0.0215190041461375,-0.106228319052857,-0.142447587449884,-0.0191564205986547,0.0912338282755795,-0.0488466723199093,-0.192167013380466,-0.171904443143727,-0.127825231456072,-0.126360339316542,-0.109328121901481,-0.166116221663902,0.275137374187174,-0.0274193989805232,-0.0933456173511732,0.446830323054888,-0.106323574992501,-0.132291634458698,-0.120044604864192,-0.118578574207454,-0.0474493322013199,-0.10886170935239,-0.000868039198658549,-0.139828618368304,-0.0674591516181341,-0.0399624430488182,-0.122208546568753,0.000339927557849851,-0.103171400352361,-0.0172087971634031,-0.0122080500850105,0.368513621921656,-0.17657426122065,-0.103949387110401,0.0272514382828243,0.404215624001026,-0.00368093571114612,-0.144467316974905,-0.0711999396542348,-0.0637832590628238,0.3221645864292,-0.0745847513103167,-0.12694667567809,-0.0848302676551145,-0.112637032410436,-0.121579705564814,-0.122775528137782,-0.106523574515177
DH_15,0.0783515060796285,-0.0194315622569885,0.165205568241582,-0.0410740153484779,0.184757703741226,0.0621120761462964,0.0914011903049919,-0.0927376491626923,-0.0344383575609927,0.188320503587318,-0.0757012571845396,0.114742690574899,-0.133655957578289,-0.107576323425814,0.987373486495849,-0.0935755978269625,0.0210351343332093,-0.0410447934068349,-0.0523187702951851,0.125164677086763,0.0186901683927536,0.116110429246107,0.041094669001388,0.114623905279647,0.0094936059012386,-0.115279151341891,0.191125050973617,0.163878436684085,0.0360882293369608,0.167774063060324,-0.16700122903939,0.0997757433731336,-0.0389377775626177,0.197516686573097,-0.0627411363127824,-0.0446595855387074,0.103518808443648,0.0394548247177318,0.17793532913181,0.11779505520657,0.261555243414722,-0.00496783966066717,0.0927230087821874,-0.0142786333786061,0.0439910567757148,-0.031209902267991,0.143096323095266,-0.0246250982490787,0.00796116174076666,-0.152026691722914,-0.0347844667918859,0.0166526020981577,-0.0716648341803818,-0.0360372152252013,0.100413313008991,-0.091248089150348,-0.105087145305819,0.15826478784265,0.118260329238448,0.083111267015897,0.00296117367384321,0.152964990244579,0.0416567169958556,-0.0412284741828795,-0.0892059687869254,-0.007098764366228,-0.028159435164999,-0.129507200876383,0.180687884232332,0.0869746354046063,0.175725467233239,0.16968411542775,0.198271523481262,0.0995009812205353,0.029998680303048,0.120549507835768,0.0831681928762402,0.106017474207035,0.25060156936724,0.167590761790014,0.229599342451758,0.00293309024940762,-0.122194125350799,-0.170823231302916,0.224120418146472,0.14713388461663,-0.0864883282140796,-0.210910042651748,0.0986846643832003,0.0714027560602485,0.0527940718193821,0.0321474417781834,-0.139059739747918,0.0449405801262608,0.00455471825775333,0.150701997543021,0.192427894164037,0.0429899206451246,0.201951590599665,-0.0408011507245587
DH_16,-0.0647100120692323,-0.0420174666072545,0.00605680195937467,-0.0245142825742765,-0.107200233241804,-0.108834005433692,0.0284184184198833,-0.134092009668527,-0.0176998775853082,-0.136348171266846,-0.0602140076192283,0.051223677085343,0.0904292761160439,-0.0558033919597402,-0.0935755978269625,1.05802986435539,0.00935280927331895,0.358570192142421,-0.0471988584158069,-0.0920769296769622,-0.00246575834566029,-0.142958022664309,-0.0125932484066742,0.0410950485071252,-0.062784020460911,-0.00291091857355357,-0.110306487687935,-0.049788226050011,-0.0794462197837345,-0.0296266043389426,-0.137214203355552,-0.0389958419401685,-0.0166581343410049,0.0167395089116168,-0.081215855028975,-0.133918196041607,-0.0502675417941075,-0.054093718620729,-0.108481444605292,-0.0742431961482521,0.0269751581072828,0.0271428996424323,-0.149006964584509,0.0846835592786139,0.00353043227728933,-0.0416409969175082,0.00789968181159443,-0.0881441117386314,-0.106500804171037,-0.00998642350863417,0.000901216540846382,-0.0851183125084557,0.415357532893378,0.212536385072116,0.000251123215709933,0.0459660046239322,0.177984664877442,-0.113315968171478,-0.0389222178274572,0.0553416938226618,-0.0762875935460886,-0.127731873045106,0.0169258462278104,-0.0766841770398207,0.10359850464813,-0.112444623002472,-0.113664354436785,-0.0199989233317527,0.12020757316797,-0.0689566812509286,-0.156093095680185,-0.0899205780871133,-0.0429222082809948,-0.0921797757313181,-0.0556849861702207,-0.12976033120205,-0.0623957860933637,-0.0231017622262609,-0.03063153552689,-0.048935856167785,-0.0105219061016072,-0.137268472675747,-0.0302030735513641,-0.0593487345419902,-0.0513927763002515,0.0264157666529681,0.0703879577231732,0.0353398440262982,-0.148943966632394,-0.0178558544426528,0.0968808736217463,0.0226100831360734,-0.10587651723593,0.0854524378989937,0.000201028458610311,0.0567959598015955,-0.0907714299463977,-0.0014031422858978,-0.184206121564163,-0.0676769879103844
DH_17,-0.0133757892335426,0.139087224504073,0.0770532169580387,0.0607819085429188,0.0712232498472951,0.0193615140390812,0.138381723341541,-0.0999175181750715,0.0683113023378089,0.226721170952743,0.0940786032698609,0.0963017478691775,-0.0300125616720784,-0.130485946168572,0.0210351343332093,0.00935280927331895,0.934225605749585,-0.0632394273436654,-0.0444838743831133,-0.0294816331479339,0.010616563372967,-0.0991311822908484,0.122573411923883,0.143014729362103,0.0571891277437092,-0.0139594690549421,-0.0534311016063152,-0.0427833091817542,0.0882524312164726,0.109472494424213,-0.154518905888796,0.0171645553355221,0.118329778788072,0.180326974277746,0.102748791306058,0.0707811256652868,0.187500012186887,0.119861084431335,0.031332642963784,0.00837178694671658,0.0332650861696109,-0.0244812655752772,0.0317402321238511,0.0573690134623958,-0.108331539839715,0.127487631694553,-0.0875175477691062,-0.00767409506144278,0.125368092161059,-0.126495822864162,0.0477667593394952,0.0688168039776661,0.0278673760917506,0.112650475454367,0.217820243429285,-0.0203154311152693,-0.0700826747685431,0.155374851665831,0.0104457857919342,0.204808130271749,0.13734908823489,-0.0284934002123527,0.171754698721342,0.106386733287805,-0.0813710728748481,0.213087806905981,0.0379470484300763,-0.0937877415331788,0.127212490036223,0.0921283232944593,0.0809594694948758,0.0672319880256777,-0.0280524145475523,0.136292923772631,0.00583782714991785,0.0946011826678217,-0.0323324802339852,0.00982149885682308,0.110076288049596,0.0426164870012633,0.0245463213992563,0.0536673145170638,0.0225611268961767,-0.166563279420476,0.0192461442954521,-0.0740063845692176,-0.0498751328634684,-0.115846512416656,0.033590702090783,0.0978273609264137,0.0481166636277451,-0.012569339545331,-0.134084799059548,-0.00638984765207223,0.0458153408468844,0.137623470881753,0.0996281156419771,0.0175778370816223,0.177611990245055,0.0810744597327729
DH_18,-0.0976203699573054,-0.0722466164731025,0.0240893964935578,0.0147892289362161,-0.0562781536350108,-0.0445058857157769,-0.128542497296413,0.0594703367205786,-0.0615138147637583,-0.0836386196452355,-0.0707809653221004,0.0170620887869022,0.00121354976126985,0.0921784180515606,-0.0410447934068349,0.358570192142421,-0.0632394273436654,1.03707469615112,0.00515319880284201,-0.0783342679783395,0.0407701915974264,-0.114558090444194,-0.101093985955523,-0.0797589325098924,-0.0956943783489841,-0.0220577419475444,-0.17968127467825,-0.112549366585504,-0.0905494190910536,-0.0523483717425666,-0.0342766881176133,-0.028649377069696,-0.0711969036083503,-0.0234994842372017,-0.0901740879185151,-0.132509091245215,-0.0200801375591759,-0.0101427798717141,-0.106714845405935,0.0370954375593235,-0.0463320673156265,0.0185421611558582,-0.0864663168814131,-0.106239324719191,0.0254954652440657,-0.0443430777551919,0.0230723211220699,-0.13535424574523,-0.134048746014663,-0.00696859389890631,0.0348423120068897,-0.00273672544089968,0.154544493116271,0.0632615990195198,-0.185309344737638,0.00322455065437152,0.0245986931907736,-0.089384715988406,0.00717368733933479,-0.119493942041792,-0.112057906657864,-0.0421328363508848,-0.132170192623297,-0.00949610209819997,0.0281463128074386,-0.0738561002979076,-0.13120245299744,0.0563052588854282,-0.0321059153098115,-0.0641513796263846,-0.0447544619726143,-0.0184425703099354,-0.092456055906856,-0.1084666438816,-0.0591020558138318,-0.104220354205641,-0.0529430572302978,-0.0667369522032302,0.0471026243021414,0.128539242087982,0.0268153861925844,-0.0781240218007993,-0.112626406249838,0.0080180876011107,-0.0760807629201709,0.0210324777930605,0.0115592556202713,0.0149417902419385,-0.0919444821752267,-0.0184129688625562,0.0107038496921623,-0.0274600060942326,-0.00222401319206395,0.0646968897116719,-0.0773961297998633,-0.0713866564761672,-0.0829274258966654,-0.0893676382303015,-0.13775272199441,-0.0877175472917836
DH_19,-0.086014705056015,-0.221513432905238,-0.138404712848222,0.00762643768194081,-0.122963762982655,-0.129244962413064,-0.0876222913521408,-0.0701342875485875,-0.0209511032224473,-0.067206780303941,-0.076513778964524,-0.142393318129688,-0.0114904047389347,0.00940556057057265,-0.0523187702951851,-0.0471988584158069,-0.0444838743831133,0.00515319880284201,0.982352246107731,-0.0561825181896329,-0.0654185492776536,-0.0874014190140041,-0.0953869787031243,-0.0524235138782215,-0.136282896280312,0.286268277413192,-0.0427738215383626,-0.0739528742604934,-0.122915565754228,-0.170155680713944,0.0155808779007394,-0.127509482684028,-0.146641125828593,-0.0823202167196574,-0.0909019799194533,-0.115898504702438,-0.118404001569065,-0.0466201121689726,-0.111732670242432,-0.0306626549972122,-0.147158392146256,-0.0897915461370011,-0.155296892646835,-0.118943279219396,-0.185260388497743,-0.1608991563162,-0.156760266763424,-0.0744143532350197,-0.0922348040629856,-0.0616781407472863,-0.0498967646903973,-0.121437770419687,-0.0992894361826019,-0.144098057894137,-0.127229407451132,0.235225514982472,0.00706856425056479,-0.0767065678782241,-0.167653978904672,-0.135057851765705,-0.142457834104746,-0.106137237676306,-0.149700321563506,-0.182178801924427,0.0635253555057824,-0.110690926998128,-0.0874222918294636,0.011963049722981,-0.0705494668233674,-0.095802537483638,-0.098212778410622,-0.0549199026071944,-0.0728067669388926,-0.03394196405879,-0.0796708871792277,-0.0547202825902525,-0.0468785555749364,-0.102320548493079,-0.163831976641146,-0.101521309413839,-0.0693635113995248,-0.154104485625486,0.27077343773317,0.00425149317498549,-0.101833263128531,-0.128770580243526,0.111108543650507,-0.0483476222775566,-0.091957385370239,-0.0445229634738801,-0.113002116928112,-0.0533912535040763,0.0267201302529432,-0.119604378210861,-0.190913505935682,-0.0966029150800823,-0.109394914910952,-0.102786581536433,-0.0489282660530707,-0.0804018152260511
DH_20,0.165470083739317,-0.0075655564210531,-0.0401062757226216,-0.0980256820829564,0.0656020108911498,-0.0245116260341251,0.0292658547275466,0.0113619126377439,0.209977757402494,-0.0253924588465239,0.00676989323662388,0.186667756108647,-0.0617308920445409,-0.00401300322982209,0.125164677086763,-0.0920769296769622,-0.0294816331479339,-0.0783342679783395,-0.0561825181896329,0.919229436606174,0.225211876642144,0.155682251311689,-0.0962932383998079,0.114871343019276,0.0399493206912586,-0.00385095428070842,0.226943181808085,0.0808296785332892,0.0372294030839988,-0.0729297267972369,-0.00463007955595728,-0.114830955068113,0.218705630310509,0.249064571137941,0.0422521614950594,0.151852279427711,0.0456734057017609,0.0397022624573622,0.528527281775369,0.11268007690175,0.100036463813513,0.134881162436086,-0.0176740711952869,0.204040390168573,0.183840058872473,0.0803970419946725,0.107415573337095,0.002791914115754,-0.106010862266342,-0.142305652304762,0.278449320742013,-0.065323672843745,-0.0860746669622397,0.0795021674700569,-0.0619992025996282,-0.100653000290723,-0.0655153232402388,0.270229226508275,-0.103496257262061,0.0388506515866112,0.0781036888342613,0.186995649064232,0.12734531704369,-0.0231063162950888,0.00238128890980251,0.00154979184303795,-0.104773294062455,0.0267865437566777,0.00540557011703546,0.109029231724994,-0.107520156576942,0.156168018653295,0.161339543312723,-0.0232296556591686,0.0289948876323073,0.140101643335408,0.346889005599739,0.219054396081553,0.014008965143761,0.127620079196287,0.0634331356120243,0.034997529852762,-0.0407954581385257,-0.0290080099898662,0.0869112579467562,-0.054781762519423,-0.0263605779781135,-0.147386095587634,0.0544240489539092,-0.034168149477224,0.112206833249421,0.101033804886744,0.0370749442495997,0.0868361158111025,-0.0128938169492931,-0.0619384816819288,-0.100112584123185,-0.0688371369442047,-0.019268754296401,-0.011060424740466
